          0         1         2         3         4         5         6         7         8         9          10        11        12        13        14        15        16        17        18        19         20        21        22        23            24        25        26
0  -0.018160 -0.166274  0.130277 -0.433068  0.050888  0.100050 -0.033427  0.006128 -0.368859 -0.110671  -0.079802  0.687706  0.333802  0.849288  0.630686  1.641974  1.504913  1.016810  1.092917 -0.056194   0.005537  0.246720 -0.232765  0.102595 -4.126591e-02 -0.156164  0.067070
1  -1.223137  0.085739 -0.456648 -0.400667 -0.000091 -1.302991 -0.000436 -0.565775 -0.533137  0.085754  -0.254981 -0.213257 -0.111209 -0.920104 -0.964603 -0.539137 -0.534670  0.505803 -0.576526  0.000158  -0.002376 -0.012858  0.005515  0.000002  6.735578e-06 -0.024973  0.000171
2  -0.460764  0.694584 -0.445516 -0.402212 -0.013915 -0.484985 -0.057116 -0.551970 -0.535205  0.696562  -0.205849  0.045015  0.202926  0.243980  0.111797 -0.540681 -0.536140  0.561557 -0.542239 -0.017779   0.001642 -0.013364  0.008397  0.000008  7.232597e-07  0.036973  0.002635
3   1.285062 -1.469844  2.644080  2.302208  0.006511  1.363967  0.047083  3.110708  3.031802 -1.454391   0.220824 -0.029298  0.087996  0.304769  0.765578  0.414498  0.605927 -0.540201  1.652698  0.009993  -0.031054  0.049373 -0.006677  0.005382 -1.912651e-02  0.020410 -0.001949
4   1.649240 -0.460403  1.121117  1.052444 -0.019528  1.704979  0.142702  1.342583  1.383076 -0.458066  -0.083901  0.362493  0.390286  0.646499  1.441976 -0.023732 -0.015758 -0.560384  0.492881  0.046407   0.011843  0.044693 -0.017991 -0.004950  2.970099e-03 -0.047375 -0.040936
5  -0.227147  1.259054 -0.454738 -0.400449 -0.232873 -0.366115 -0.574014 -0.512239 -0.478446  1.249232  11.621704  1.513054  1.307911  0.413417  0.155882 -0.375128 -0.389043  0.786588 -0.222035 -0.012547  16.576708  0.498693  0.042072  0.000535 -2.204298e-04  0.113099 -0.137317
6   1.334444 -0.822187  1.826456  1.914911  0.525035  1.444428  0.910063  1.910810  1.850883 -0.754355  -0.006691  0.338207  0.068843  1.783520  1.538658  1.169852  1.583015  0.608689  1.706583  0.393646  -0.070272 -0.174438 -0.201366  0.003135  2.177382e-03  0.059103  0.082256
7  -0.507217 -0.702237 -0.485040 -0.407038 -0.062944 -0.510769 -0.255540 -0.601140 -0.541511 -0.706260   0.887923  0.195341  0.194734  0.044511 -0.090006 -0.532405 -0.528579  0.362736 -0.491313 -0.064755   0.011794  0.028882  0.020655  0.000099 -5.345450e-05  0.025481  0.001352
8  -0.199464  0.208901 -0.403891 -0.331762  0.092983 -0.309615 -0.143373 -0.342562 -0.417386  0.181616  11.636935  0.239372  0.508034  0.421522  0.380151 -0.065939 -0.061209  0.437410  0.227959  0.359909 -16.394336 -0.075568  0.331318 -0.265208  5.809841e-02  0.413121 -0.166398
9  -0.000513  0.225649 -0.222906 -0.116951 -0.006942 -0.004942 -0.008991 -0.275207 -0.156746  0.225638  -0.040662 -0.167266  0.771719 -0.469269 -0.436071 -0.398425 -0.397987 -0.298289 -0.465321  0.001003  -0.002215  0.023758  0.006743 -0.002590  2.547585e-03  0.000799 -0.004736
10 -0.061721  0.315210 -0.213813 -0.126838  0.000210 -0.064677 -0.002318 -0.264956 -0.168732  0.316084  -0.050667 -0.131116 -0.494053 -0.571274 -0.585876 -0.426399 -0.425152 -0.692417 -0.491025 -0.000687  -0.001857 -0.015320  0.004482  0.000159 -1.473400e-04 -0.010264  0.000784
11  0.043614 -0.288836 -0.481871 -0.405044 -0.155248  0.009870 -0.466506 -0.440052 -0.357420 -0.344121  -0.094355  0.038092  0.495249  0.597992  0.315980  0.823508  0.656673  0.330043  0.646230 -0.135202   0.005145 -0.028307  0.064972  0.000210  3.845007e-04  0.019847 -0.012294
12  0.120865 -0.471374  0.276785  0.235194 -0.269842  0.178228  0.137734  0.397434  0.242787 -0.464516   1.345229  0.179280  0.891681  1.029221  0.672950  1.955019  1.626521  0.660693  1.750839 -0.171531  -0.077820  0.030517 -0.184269  0.153556  1.485649e-02 -0.068433 -0.061152
13  1.003731 -0.780380  0.724399  0.516087 -0.163240  1.017312 -0.315362  1.140327  0.935890 -0.808506  -0.058758  0.207993  0.032564  1.481516  1.239135  2.356556  2.450454  0.558898  2.156426 -0.086080   0.030310  0.024348  0.150001 -0.038664 -1.352179e-02  0.072467 -0.047946
14  0.937637 -0.616710  0.313113  0.300962  0.146546  0.982067  0.455264  0.356578  0.358064 -0.618994  -0.081305 -0.035144  0.529685  0.958803  1.033700  0.724705  0.461425 -0.397066  0.620477  0.103744  -0.013211  0.037263 -0.047646 -0.053373  5.141931e-02 -0.019052  0.026946
15  1.340079 -0.101800  0.332396  0.258546 -0.007288  1.393788  0.130572  0.411798  0.344053 -0.103097  -0.112083 -0.293213 -0.272506  0.500309  1.258071 -0.324199 -0.325902 -0.716469 -0.074097  0.017397  -0.004955 -0.020845  0.003847  0.002452 -2.394821e-03 -0.010734 -0.015186
16  0.131038  0.130787 -0.448025 -0.383121 -0.024268  0.150457  0.177491 -0.387748 -0.452855  0.115867  -0.104420 -0.327733  0.019186 -0.251427 -0.202382  0.211353 -0.042151 -0.609524 -0.258950 -0.065440  -0.003014 -0.214864  0.066359 -0.008827 -1.473965e-01  0.005021 -0.007296
17  0.025073  0.370081 -0.285916 -0.192360  0.010597  0.023703 -0.011450 -0.366238 -0.268267  0.372316  -0.055395 -0.132632 -0.364046 -0.574570 -0.595483 -0.419052 -0.401981 -0.705879 -0.540804  0.006672  -0.008993 -0.009850 -0.004163  0.004038  3.438439e-03 -0.002136  0.002674
18  0.409948  0.249876  0.170362 -0.035819  0.088793  0.478618  0.185930  0.255886 -0.162591  0.234893  -0.056668  0.622147 -0.217995  0.388812  0.501310  0.841087  0.838000  0.483767  0.484813  0.063150  -0.000980 -0.063694  0.032155 -0.008876  8.724786e-03  0.100130  0.016234
19 -0.451778  0.185632 -0.138507 -0.565161 -0.060722 -0.458519 -0.243910 -0.152493 -0.779163  0.184805   0.006818  0.422623 -0.336557  0.518739  0.179282 -0.364387 -0.334001  0.795281 -0.533012 -0.057781  -0.015977  0.027454  0.028211 -0.044212  5.288264e-02 -0.383248 -0.001614